Testing email-dnc.edges

Number of nodes in the Graph: 1891

Rank:1	Node number: 1874	Node CC: 0.4295321382171364

Adjacent Nodes: 31 511 1874 1369 1674 1159 1669 1839 1278 412 257 943 841 1258 1998 329 999 1963 453 585 1586 203 1550 1987 1768 1878 1465 1751 1151 1522 411 1516 217 437 12 703 1510 350 1440 347 863 465 629 1587 852 1974 479 24 521 1625 1792 1731 829 211 551 1894 1120 1689 620 706 1684 1576 659 535 1844 838 1899 25 580 1932 513 1833 940 1957 626 1109 1269 1497 536 810 833 1261 1034 1144 1256 1501 67 1670 1814 84 156 539 549 1604 1454 229 55 1580 47 533 312 720 457 1469 718 574 151 450 1494 594 339 1912 1869 1988 1843 1179 1566 21 614 234 1323 1402 1523 385 1214 867 379 817 788 153 284 945 345 96 944 419 177 1903 541 134 903 93 1 149 794 459 1133 440 1383 1221 1767 747 1934 163 540 690 1505 1309 1770 534 615 732 442 668 579 119 757 1911 1818 303 1882 654 898 1488 918 1102 1047 219 603 1776 362 2012 1984 853 2002 1562 1680 1268 481 1759 1543 10 376 251 1930 1688 28 1618 2011 1681 1203 1353 1194 1336 158 737 1703 366 963 71 1712 1167 410 469 1020 806 1430 1673 1481 658 1188 735 283 272 1807 973 420 800 104 14 1962 1687 295 90 1420 633 1149 686 1177 931 1754 1319 473 1417 1782 1200 1634 1565 1547 1829 1854 1467 1727 933 1906 1524 821 1062 1742 265 281 1291 1299 710 908 887 2007 1468 1054 502 1808 526 1011 1131 1087 1428 1897 1449 876 1493 363 947 13 471 1312 1096 949 489 591 197 1080 1541 1422 1559 1347 1644 188 1009 904 1399 683 1557 1976 1909 548 1180 34 462 932 922 1140 1927 1499 888 1615 1549 1285 1715 1744 802 725 1320 187 1290 1772 1891 382 698 461 1823 1482 678 400 1025 1662 1218 1128 1723 1134 35 323 301 343 370 960 1354 148 1616 975 
------------------------------------

Rank:2	Node number: 1669	Node CC: 0.42514942216775337

Adjacent Nodes: 869 453 998 1813 1159 634 1846 56 1350 1825 1881 1550 1082 1510 713 1956 928 203 1874 329 1987 1768 1839 1277 1381 293 691 895 872 1287 155 630 1739 278 1880 1586 585 1323 999 1011 1906 1500 993 1629 1619 702 1 1669 1981 730 1961 1876 953 1963 841 2027 165 1120 1674 490 704 220 803 232 486 1882 762 383 1554 1045 1588 499 466 1747 1152 38 313 858 1618 1440 476 53 1271 1187 410 1377 523 309 1576 1770 1878 1642 1444 1236 1917 2010 1189 898 68 501 1698 1749 1018 465 1126 1601 248 405 1436 1430 1004 943 330 354 1318 794 991 394 245 1041 1398 202 57 1393 1143 823 855 1160 1694 479 996 1826 1195 1293 1242 1871 1452 868 1235 1346 1721 9 29 341 1704 894 247 1820 1811 1006 286 1607 1394 478 407 412 199 749 1561 322 1055 2006 1192 712 814 878 1204 847 1902 114 26 1252 76 86 1967 555 910 1775 1086 274 1379 1307 143 1531 1101 350 2015 430 662 728 1513 447 1118 515 674 1282 750 1865 1464 1029 496 1310 1265 2021 146 659 1959 192 120 1163 625 597 1289 377 976 791 1672 1333 1898 981 1636 325 1512 1108 1637 1790 1904 1734 1141 1033 433 952 482 127 214 856 1228 321 380 822 1951 65 352 1378 1584 985 356 357 438 1414 552 1330 1458 1312 1656 745 81 1243 1281 1349 116 1368 1743 1818 1783 610 635 1359 1395 126 1553 685 1507 1600 1360 1002 183 716 1463 7 1806 598 1206 413 1944 1958 1037 
------------------------------------

Rank:3	Node number: 453	Node CC: 0.38840339042172156

Adjacent Nodes: 869 1669 1831 1339 1385 835 928 691 702 2027 1948 359 1192 895 1629 1277 1287 713 1328 1813 1122 424 511 1120 1443 630 1682 397 1852 179 1550 1586 329 1957 1881 760 1918 1587 938 56 569 279 1576 369 1541 1 1520 1768 993 245 1082 1690 1510 1076 342 1369 351 155 97 1862 583 1792 969 353 1839 178 728 293 1748 1956 1846 292 902 1619 547 1039 998 1526 1880 1281 1484 1363 278 1601 142 1480 971 1267 371 1044 1659 1987 1023 994 1780 1337 991 1874 209 785 839 1575 1381 1186 734 249 2028 1195 205 1955 426 1112 1675 1878 826 709 1022 488 1882 412 1012 181 1350 1405 1159 1876 1725 1614 849 777 195 1739 799 948 1906 1184 1710 1340 1258 494 585 175 1274 1717 1970 620 399 1567 362 14 1500 2006 1618 1037 1127 


